1 0.33166666666666667 0.6533333333333333 0.28 0.16333333333333333
1 0.335 0.44083333333333335 0.29333333333333333 0.165
2 0.5491666666666667 0.7308333333333333 0.205 0.12833333333333333
1 0.22583333333333333 0.7666666666666667 0.3283333333333333 0.22333333333333333
2 0.6741666666666667 0.48333333333333334 0.16166666666666665 0.10666666666666667
1 0.7091666666666666 0.5708333333333333 0.205 0.10166666666666667
1 0.73 0.6708333333333333 0.19666666666666666 0.065
2 0.5516666666666666 0.32416666666666666 0.15 0.13833333333333334
1 0.13333333333333333 0.5083333333333333 0.08666666666666667 0.19
1 0.07083333333333333 0.5208333333333334 0.07166666666666667 0.205
2 0.7441666666666666 0.36833333333333335 0.07833333333333334 0.14666666666666667
2 0.8925 0.5716666666666667 0.11166666666666666 0.19333333333333333
