0 0.28402777777777777 0.24084124830393486 0.2013888888888889 0.21031207598371776
0 0.5055555555555555 0.2462686567164179 0.11666666666666667 0.12075983717774763
0 0.7944444444444444 0.33989145183175035 0.31666666666666665 0.2537313432835821
0 0.6166666666666667 0.30325644504748983 0.15555555555555556 0.12075983717774763
0 0.4284722222222222 0.29918588873812757 0.24027777777777778 0.13161465400271372
0 0.42430555555555555 0.17978290366350066 0.1625 0.1587516960651289
0 0.6020833333333333 0.21777476255088196 0.2013888888888889 0.10990502035278155
0 0.7409722222222223 0.1757123473541384 0.16805555555555557 0.1614654002713704
0 0.29583333333333334 0.13297150610583447 0.14722222222222223 0.13568521031207598
0 0.15763888888888888 0.28154681139755766 0.12361111111111112 0.13432835820895522
0 0.17430555555555555 0.20827679782903663 0.10972222222222222 0.12890094979647218
