0 0.525625 0.6200750469043153 0.14625 0.16322701688555347
0 0.49 0.8189493433395872 0.1825 0.14071294559099437
0 0.679375 0.6754221388367729 0.05625 0.1726078799249531
0 0.6875 0.8105065666041276 0.095 0.1125703564727955
0 0.62375 0.4165103189493433 0.1925 0.31894934333958724
0 0.33625 0.7692307692307693 0.1325 0.19136960600375236
0 0.383125 0.6153846153846154 0.15375 0.24765478424015008
0 0.358125 0.36585365853658536 0.13875 0.1651031894934334
0 0.4775 0.4024390243902439 0.06 0.1894934333958724
0 0.2925 0.575046904315197 0.035 0.13696060037523453
0 0.611875 0.798311444652908 0.04875 0.15947467166979362
