0 0.2091889117043121 0.386962890625 0.16478439425051336 0.16552734375
0 0.43018480492813144 0.39990234375 0.15605749486652978 0.1591796875
0 0.7171457905544147 0.48681640625 0.13449691991786447 0.15625
0 0.6937885010266941 0.339111328125 0.22843942505133472 0.21923828125
0 0.6155030800821355 0.626953125 0.2587268993839836 0.193359375
0 0.2469199178644764 0.549560546875 0.11704312114989733 0.10009765625
0 0.24974332648870637 0.6220703125 0.14527720739219713 0.1201171875
0 0.38501026694045176 0.637451171875 0.18583162217659138 0.15087890625
0 0.32571868583162217 0.352294921875 0.08162217659137577 0.18701171875
0 0.4502053388090349 0.29638671875 0.10369609856262833 0.0986328125
0 0.5248973305954825 0.27880859375 0.09907597535934291 0.130859375
0 0.5623716632443532 0.43798828125 0.07546201232032854 0.1923828125
