0 0.1111111111111111 0.4066666666666667 0.1688888888888889 0.30666666666666664
0 0.08 0.6 0.08888888888888889 0.19555555555555557
0 0.2577777777777778 0.38 0.09777777777777778 0.39555555555555555
0 0.18 0.5688888888888889 0.13777777777777778 0.3288888888888889
0 0.38222222222222224 0.3511111111111111 0.14222222222222222 0.27555555555555555
0 0.34 0.6111111111111112 0.1288888888888889 0.22666666666666666
0 0.4488888888888889 0.7 0.12444444444444444 0.4666666666666667
0 0.56 0.68 0.21333333333333335 0.6044444444444445
0 0.7266666666666667 0.6266666666666667 0.38666666666666666 0.5244444444444445
0 0.8044444444444444 0.5533333333333333 0.38222222222222224 0.4311111111111111
0 0.8311111111111111 0.3888888888888889 0.3288888888888889 0.21777777777777776
