0 0.3590733590733591 0.3582474226804124 0.16216216216216217 0.5412371134020618
0 0.4942084942084942 0.36597938144329895 0.15444015444015444 0.35051546391752575
0 0.5617760617760618 0.2912371134020619 0.21235521235521235 0.29381443298969073
0 0.7007722007722008 0.4690721649484536 0.1583011583011583 0.5051546391752577
0 0.8281853281853282 0.5231958762886598 0.1274131274131274 0.5927835051546392
0 0.8706563706563707 0.4793814432989691 0.11969111969111969 0.5360824742268041
0 0.1833976833976834 0.6288659793814433 0.0888030888030888 0.422680412371134
0 0.1138996138996139 0.5721649484536082 0.07335907335907337 0.422680412371134
0 0.10231660231660232 0.3917525773195876 0.0888030888030888 0.4948453608247423
0 0.04826254826254826 0.27835051546391754 0.09652509652509653 0.4742268041237113
0 0.3281853281853282 0.6984536082474226 0.1776061776061776 0.3865979381443299
0 0.5077220077220077 0.7680412371134021 0.17374517374517376 0.4329896907216495
