0 0.253125 0.7902523933855526 0.0925 0.18102697998259357
0 0.5009375 0.6897302001740644 0.114375 0.21496953872932986
0 0.20375 0.4599651871192341 0.09375 0.15056570931244562
0 0.9059375 0.49477806788511747 0.120625 0.308964316797215
0 0.7609375 0.7075718015665796 0.178125 0.21583986074847694
0 0.9003125 0.7241079199303743 0.093125 0.0783289817232376
0 0.6325 0.7297650130548303 0.13375 0.23063533507397738
0 0.5240625 0.8524804177545692 0.160625 0.11575282854656223
0 0.36375 0.8598781549173194 0.1575 0.11488250652741515
0 0.3109375 0.6266318537859008 0.116875 0.13751087902523934
0 0.3334375 0.45387293298520454 0.105625 0.09138381201044386
0 0.575 0.2789382071366406 0.06125 0.09834638816362054
0 0.7159375 0.2963446475195822 0.074375 0.10182767624020887
0 0.705 0.5052219321148825 0.13875 0.14012184508268058
